0,4,4,4,9,9,16,21,11,9
4,0,4,4,7,11,18,19,13,11
4,4,0,2,9,11,18,21,13,11
4,4,2,0,9,11,18,21,13,11
9,7,9,9,0,16,23,18,18,16
9,11,11,11,16,0,17,28,8,4
16,18,18,18,23,17,0,35,19,17
21,19,21,21,18,28,35,0,30,28
11,13,13,13,18,8,19,30,0,8
9,11,11,11,16,4,17,28,8,0